24951199
1093130
46982103
10690260
44982171
13771516
11606041
33648217
13106275
40917664
43782165
34378470
45603137
32250152
11971202
36964141
39748156
20706889
17214221
5637568
31065289
4691846
2044681
4735229
39287170
32666821
42737332
36757839
40985549
50688624
3363383
37824122
31909614
1174617
19666058
9663969
46404845
31042840
35317638
44740200
10148423
3886778
26099446
51659436
20715359
10099227
7767628
22662221
999358
28124373
39111915
19357195
36773831
20655880
45553342
49702906
26696326
17579668
43177508
1560794
32504385
39510855
7728137
1194568
11541446
13096195
37634201
1595655
13871738
23947521
11539928
14402637
26478893
19983768
21333936
15397397
14611760
43779323
6383714
23456726
24132361
35911392
45983893
10496437
15198506
50343101
19005524
17206256
46426522
25497802
34717383
43872796
36017339
34308242
28206022
26193797
26648362
8871198
7574570
2830708
39667058
21367018
50000920
22457068
26101859
35859127
15649656
51830699
34516203
11233089
5642469
3025408
50359472
25059236
9739623
49109020
20324137
17702356
44496013
40070719
9792446
11777463
25791025
47044127
30107504
46530845
10893067
15140459
14372645
6177204
50647235
19921287
45380337
29218329
37263295
35384294
31937435
21802707
21589254
49547929
37417238
33691994
51872761
45342488
44077417
25478791
4993502
30352940
27706773
42114445
49388336
26865771
41484679
40138245
13984981
16691176
32442384
24620882
27326625
11604349
39056299
42281145
23885737
41508171
17060320
5934516
7613822
20434290
32087633
38546524
36307864
41341482
49719627
43516315
4472886
33672071
28607681
4326404
35362205
8512589
49732676
50210188
35506776
25664326
12240669
12143666
51497370
24336677
20120001
15552245
14633058
38456426
29201078
38120005
27154155
26071141
37540126
21187888
41673768
7775233
12028934
30175744
17744434
30819078
1144492
38069538
31563065
20724979
14019703
27092576
9059059
2834971
32475283
29102942
6176946
24853665
17238090
27402736
8971411
33114925
36464913
11152467
44248009
39499853
30505938
14226627
10346722
1241334
51778382
43734013
2560527
47133630
52045889
23600936
7680451
39949367
43022461
35819464
34752573
27913261
37583988
6329800
14082995
29189964
25408082
19058923
13445477
8999447
42193308
35532189
45918043
9446085
22172040
48920294
17160846
35126934
11148049
46668424
16842105
17844567
41725441
13433678
36987385
4808735
28435178
32230638
44161915
9654573
11651843
44936315
51766375
29827919
44574573
52117288
20846299
31589002
20426961
45837137
33503398
9513868
40439309
47569652
35044038
37642284
16047504
14385721
8652965
40782757
23975766
16043330
51671052
11527479
19211859
4793528
5019271
32863758
50843915
48251445
39200677
12723234
30278194
8711899
35077763
14768073
43042360
2175784
6985158
16107335
49368033
3736077
19097362
42161401
36758840
5904396
13710631
19911587
6971868
26865595
16501839
30307620
51788435
39410173
41765044
47219606
2130521
42011367
2214566
29594042
272414
24609098
26751843
13846076
19711634
11800557
8123536
49446187
20088180
13821800
21617282
40320187
46537878
49841113
45525004
47829115
29981510
34288795
49594614
31009273
14403774
8201954
27901389
26602132
2331028
3817404
47649905
30362282
27049590
6569547
51600722
34192325
36556927
29583035
1978564
50391343
11788276
22016622
38863591
26552135
4266547
20841390
37776158
47064270
30701481
29980330
13382884
18094865
1616822
31950723
49860301
33797640
27214047
17717558
29847046
37173619
18369583
42687599
34728631
38631897
21948221
29602668
36980758
3416339
17971342
10157598
51410619
39290197
38885399
29118226
8566064
14642107
17478376
24410407
14714587
34195383
21254314
38429344
1823884
51361517
50567149
1325701
33343106
44042771
30511440
26121392
36733538
51395606
37396340
22914166
39098423
30553009
9849295
41367437
35300079
30887270
14237319
46480618
43094671
893433
30960085
7942390
46167332
10811639
27106512
15553596
25158087
3579938
27259151
2906105
43760978
15213898
32562825
51708525
36137695
26862777
45271274
14097149
10856118
38104848
36541597
7543843
51455633
28899501
30001973
24847247
38204739
9419984
49897611
4975428
26353150
4908792
7809156
13606582
12952074
48474790
31445686
4371133
29163632
12814738
9488971
3820852
11128459
34763048
6467067
1026076
12356951
38889352
28447869
2259747
15888609
13010661
19297916
17557824
6645902
49724170
17301048
10120513
47251443
48237405
51643528
26107296
19062110
7259696
14089196
7224984
49609124
17804868
37333340
431335
7429939
45330157
2995281
21805221
15125602
43653275
41846902
12874738
20484648
191024
19551271
50416220
7764624
37964039
40115229
12748856
7385183
47979451
34800866
11994647
13493054
16270000
35618549
14659829
43436671
22456387
7787052
13634845
24876901
46596930
19865136
49455717
27704870
24343122
2917180
17957949
46439179
18937144
17889551
2593126
50271557
36110240
48525235
35053243
11290233
15173427
23092996
28342477
21367911
43535778
8379830
46100547
45502844
41947906
2832387
40438600
20949715
35794444
23324264
41591501
30227388
33875970
24958279
39563036
27603360
49799401
6889044
27849306
49591227
4105554
43622768
5509162
45338668
17870563
33358855
437955
43916352
4165300
50690641
37473361
36879896
30872660
31418826
14437325
24306604
18592416
11357595
11332380
26381474
32105698
19645429
35660419
26412623
17003427
31612047
31797226
12743454
15025557
15923003
20473873
30529757
9886233
22408685
29711856
11798859
5156100
32913740
7411733
39680219
30181345
45969036
23312926
24544052
10263674
41976606
47536054
43277196
19323051
33191625
38372477
34637449
11077885
34402956
22124724
46879254
30117017
39495000
7848077
30432676
6353950
29877311
10151891
52130922
37590019
5873927
34643221
19748066
4476983
18387773
9804950
49730784
17043887
24739075
29877681
11061633
4771600
38070364
6712278
46954520
40147745
45379696
31769740
12715028
3143052
41215808
31196520
45053886
2189762
4971456
10253495
30869712
34194377
10343878
48810865
21358748
25119881
25125854
42143405
1293585
1954740
39571654
35761913
51047025
6466122
7963845
18824551
33688408
1794810
13446286
37979620
12012519
14071032
35781980
43245584
32295565
10964786
30245725
45101106
23418844
922496
25331008
35481024
16728569
10255868
46171057
12394468
26287748
24188221
38403497
13104356
30246371
11129608
43357501
33988092
38061195
36556214
34364598
33750036
18801631
34448061
39984759
48001940
40855298
18798104
23215419
30695521
29081000
23568899
46363139
17193061
42205371
6365529
26050965
21691846
25454357
38841317
1139746
26642948
30973153
8482703
40962293
36504910
39091143
19540479
3364047
48633300
21043647
14162382
33075675
6553942
26206038
31480158
11015280
44420776
7762724
17222248
13579094
10537914
51516289
19424686
35236052
23999822
43372376
29257470
41446023
49838922
33671801
50882993
21943735
33047216
13714339
5385675
22382424
20576401
6701089
16315283
50587700
49811732
38642031
49256606
6982009
15410389
22359341
34140831
20037630
5927772
8249729
9464843
44823684
10221415
19198160
24907080
24076126
33325565
45670223
45279119
1601060
2397324
14897875
28959878
9795318
49137671
51244687
47750166
18375339
12926289
17238433
20955828
41203773
40987867
7232559
41888707
36725452
20024810
3346067
39854858
19688377
40324787
28648800
28061521
3245293
26498116
51829032
23142880
50588316
25252941
32351080
818555
51578331
35885195
22845699
31735495
15900731
2295712
49807363
43124453
36917287
22357872
44271771
40658021
39060088
6269330
40694647
10909371
36450555
20868192
20021088
25487152
37225011
33276418
48095207
37391827
36263394
27708867
22388722
50909928
36117781
27327325
34182050
18600404
24117724
42153306
17776080
8303222
49154209
29137358
12028502
7121388
11416615
19112427
22838415
34702709
13914981
9622125
40134015
32953501
15258816
17483069
40694509
46967274
37394483
45543334
7289519
50156022
6550627
26102000
27434873
17972266
48002090
14458200
37113685
12180653
25032784
49164383
42216106
14346672
19839956
9834521
46139493
6443455
13151069
17981632
40315951
42518216
46072167
19478486
49470143
36196750
42852218
26004682
35937954
38025378
21687279
17913701
48158029
12338967
8179462
30651746
28694685
14816008
21687073
20464955
44217155
27617056
301068
22435052
33385046
7817843
43185551
36089302
27027926
21097693
3055129
42037039
36510415
11333017
21028838
37834213
4082925
40408683
26646600
10413625
26182597
21984688
27835543
2221162
2616424
51406704
7014150
3840444
27349221
3510619
50482602
40465958
40268098
49215618
51108826
18340414
31051010
19109761
36779597
49902592
29154780
51164429
42813806
31671906
50514002
7207238
22563313
46330872
31822142
48470235
25451363
38170099
42610713
6160753
33502629
41366089
40662057
12176371
19286962
20136577
15610215
32956994
35508657
37046863
11919313
26466241
37668088
46277382
24383216
51910504
5527490
31993212
10509298
37830951
18527535
32014637
6812431
25654263
9886050
30208684
15945753
9590931
12865924
938696
28869076
42358718
39465370
35093023
39125618
29998208
